Train
0.5060746073722839
0.26551759243011475
0.591124415397644
0.5229277610778809
0.7327167391777039
0.5762444734573364
0.753097653388977
0.5715869665145874
0.7758322358131409
0.7259814143180847
0.48370563983917236
0.3880508840084076
0.5902966856956482
0.6841888427734375
0.5386800765991211
0.6067725419998169
0.6708272695541382
0.7338500618934631
0.6338927745819092
0.7919345498085022
0.5077722668647766
0.41571250557899475
0.4381240904331207
0.5974016785621643
0.3260055184364319
0.5984722971916199
0.5179100632667542
0.5873359441757202
0.6022171974182129
0.4600471556186676
0.6244646906852722
0.6296744346618652
0.6965632438659668
0.6159897446632385
0.3301161825656891
0.520750105381012
0.23641598224639893
0.5749508738517761
0.6518391370773315
0.5047156810760498
0.6426419615745544
0.6097931265830994
0.6493769288063049
0.641257107257843
0.2709428668022156
0.5470421314239502
0.6131414771080017
0.646341860294342
0.8100261092185974
0.7585471868515015
0.5354490876197815
0.4549773633480072
0.4311254322528839
0.5957767367362976
0.5020339488983154
0.3480132818222046
0.6273699998855591
0.486771821975708
0.6707708239555359
0.6429359912872314
0.6090428829193115
0.33986833691596985
0.5120563507080078
0.6616862416267395
0.6950488090515137
0.577269971370697
0.7223625183105469
0.3487430512905121
0.7477961778640747
0.6180914640426636
0.35999947786331177
0.6946315765380859
0.44478556513786316
0.2976423501968384
0.5493791103363037
0.4131600260734558
0.7289937734603882
0.5665556788444519
0.5559921264648438
0.6455106735229492
0.46886032819747925
0.6937899589538574
0.7298905253410339
0.7516449689865112
0.4417537450790405
0.7274137735366821
0.4685133099555969
0.7475231885910034
0.27952781319618225
0.39982861280441284
0.4068777561187744
0.6871005892753601
0.4950563609600067
0.3338020145893097
0.4882446527481079
0.7686938047409058
0.47757014632225037
0.2741081118583679
0.5554904937744141
0.5016180872917175
0.7173815965652466
0.5704217553138733
0.7432278394699097
0.5667120814323425
0.774275004863739
0.7160665392875671
0.4696667492389679
0.3955453932285309
0.5957775712013245
0.6640677452087402
0.540081262588501
0.6152511835098267
0.676837146282196
0.7298595905303955
0.6724989414215088
0.7978646755218506
0.49359893798828125
0.4038904905319214
0.43012768030166626
0.5967941880226135
0.32594093680381775
0.5768924951553345
0.5214146971702576
0.5909265279769897
0.5981481075286865
0.4701593816280365
0.6094803214073181
0.6230454444885254
0.7076655030250549
0.6011272072792053
0.3403404951095581
0.5097493529319763
0.25329774618148804
0.5951015949249268
0.6674198508262634
0.5353865623474121
0.6076455116271973
0.5954562425613403
0.613744854927063
0.6488093137741089
0.27031299471855164
0.5146270990371704
0.6156940460205078
0.6425284147262573
0.7780927419662476
0.7745878100395203
0.5436446666717529
0.45101216435432434
0.42045363783836365
0.6107120513916016
0.4860614538192749
0.33701395988464355
0.6250571608543396
0.48896220326423645
0.6783310770988464
0.6523109078407288
0.5894360542297363
0.338284432888031
0.5115886330604553
0.6558942198753357
0.6825355887413025
0.6008634567260742
0.7146705389022827
0.3372860550880432
0.7365006804466248
0.6058441400527954
0.3487206697463989
0.6839346289634705
0.4216034710407257
0.3102521598339081
0.5429957509040833
0.4057585597038269
0.7302788496017456
0.5795390605926514
0.5551637411117554
0.6503026485443115
0.45158737897872925
0.6765336394309998
0.7164402008056641
0.7911074757575989
0.44856536388397217
0.7380462884902954
0.4544333815574646
0.7629178762435913
0.2922112047672272
0.3817957639694214
0.39694687724113464
0.6809979677200317
0.5005589723587036
0.3525574803352356
0.5118715167045593
0.7973247170448303
0.4907030165195465
0.2368207424879074
0.5642900466918945
0.5001663565635681
0.6887364983558655
0.5650312900543213
0.7529423832893372
0.5569398999214172
0.7385196685791016
0.7089787721633911
0.4643123149871826
0.37414368987083435
0.5838344693183899
0.6568722128868103
0.5407367944717407
0.5987300276756287
0.6768019795417786
0.7369420528411865
0.6371991038322449
0.807678759098053
0.5135499835014343
0.4049220383167267
0.43996891379356384
0.5785017609596252
0.3204899728298187
0.5872657895088196
0.5221220254898071
0.5784361362457275
0.5904365181922913
0.4558354914188385
0.6237186193466187
0.619389533996582
0.6878495216369629
0.5846982598304749
0.31379425525665283
0.47047922015190125
0.24790143966674805
0.5758169293403625
0.6523817181587219
0.48273560404777527
0.6375628113746643
0.5991837978363037
0.6289852857589722
0.6224408745765686
0.2473546415567398
0.5382993221282959
0.6099607944488525
0.6380802392959595
0.7881698608398438
0.7567662596702576
0.5237340331077576
0.4467083513736725
0.4382123351097107
0.5845775008201599
0.504437267780304
0.33770987391471863
0.644999623298645
0.5057782530784607
0.6510392427444458
0.6401482224464417
0.5901654362678528
0.34762951731681824
0.5256311297416687
0.6658087372779846
0.6848480105400085
0.5929197669029236
0.7146246433258057
0.32560715079307556
0.7275663018226624
0.5869871377944946
0.3356621265411377
0.6817452311515808
0.40941986441612244
0.2992666959762573
0.4997338652610779
0.40775251388549805
0.7213872075080872
0.5675068497657776
0.5482045412063599
0.6317349076271057
0.4440160095691681
0.6938576698303223
0.7098727226257324
0.7543930411338806
0.438688725233078
0.737494945526123
0.4350838363170624
0.7116577625274658
0.25857317447662354
0.367495059967041
0.3782098889350891
0.6724192500114441
0.47046583890914917
0.35133475065231323
0.48000192642211914
0.746438205242157
0.4636111557483673
0.25379014015197754
0.5429894924163818
0.4999711215496063
0.7297348380088806
0.594653844833374
0.7733781337738037
0.5545745491981506
0.7763378620147705
0.7285838723182678
0.45663750171661377
0.3802087903022766
0.5873680114746094
0.6647316217422485
0.5354689955711365
0.6009587645530701
0.6688080430030823
0.7336243987083435
0.6476649045944214
0.7771037817001343
0.49411144852638245
0.40912750363349915
0.43248602747917175
0.5567730665206909
0.32683417201042175
0.5795719027519226
0.5042927265167236
0.5771206617355347
0.5823269486427307
0.4456113874912262
0.6080697178840637
0.6091942191123962
0.7172699570655823
0.5951128005981445
0.3275505006313324
0.4782184064388275
0.23946993052959442
0.588975727558136
0.646521806716919
0.47250181436538696
0.6318305730819702
0.5835022330284119
0.6299244165420532
0.6245130896568298
0.2572912871837616
0.5282777547836304
0.5866565108299255
0.6322554349899292
0.7844796776771545
0.7531057000160217
0.5399554967880249
0.45053038001060486
0.43010836839675903
0.578962504863739
0.4880776107311249
0.3356548845767975
0.6205196976661682
0.4784194827079773
0.6603500843048096
0.6318371295928955
0.5893549919128418
0.3373303711414337
0.5066090822219849
0.6431626677513123
0.671944260597229
0.5346249938011169
0.7286732792854309
0.35112184286117554
0.7247234582901001
0.6112841367721558
0.3552786707878113
0.6857892870903015
0.4423917233943939
0.29455897212028503
0.5346224308013916
0.4482634961605072
0.7221305966377258
0.566182553768158
0.5585407614707947
0.6387274265289307
0.4548378586769104
0.6835684776306152
0.7286533117294312
0.7491030693054199
0.45535072684288025
0.7123092412948608
0.47164976596832275
0.7220895290374756
0.27876225113868713
0.39688992500305176
0.39359980821609497
0.6717541813850403
0.4689234793186188
0.31728070974349976
0.48990172147750854
0.7887582182884216
0.4778750538825989
0.25750601291656494
0.529766857624054
0.5097272992134094
0.6715178489685059
0.5405855178833008
0.6932883858680725
0.5644368529319763
0.7316314578056335
0.7101632952690125
0.46847307682037354
0.37290024757385254
0.5745289325714111
0.641947865486145
0.5233877897262573
0.5781289339065552
0.6772832274436951
0.7497053146362305
0.6450207233428955
0.7667170763015747
0.47452911734580994
0.39727234840393066
0.44516801834106445
0.566024124622345
0.311178058385849
0.5794336795806885
0.5377537608146667
0.5629599094390869
0.6079166531562805
0.4690241813659668
0.6299161911010742
0.6117314100265503
0.7053230404853821
0.5964347124099731
0.3139846920967102
0.46482962369918823
0.2352428138256073
0.5793604254722595
0.6506443619728088
0.48664212226867676
0.6281045079231262
0.5804571509361267
0.6263877749443054
0.6391827464103699
0.24932847917079926
0.5213054418563843
0.6100764274597168
0.6355592608451843
0.7637384533882141
0.7523660063743591
0.5308432579040527
0.4355415403842926
0.42603909969329834
0.5753673315048218
0.4899292588233948
0.35079577565193176
0.633475661277771
0.47985076904296875
0.6615195870399475
0.6342197060585022
0.601714015007019
0.37545546889305115
0.5077022314071655
0.6538017392158508
0.6803417205810547
0.5341780781745911
0.7104811072349548
0.3432330787181854
0.7442355751991272
0.6053469181060791
0.3539455533027649
0.6778472065925598
0.3956087827682495
0.31877848505973816
0.5299686193466187
0.4212304353713989
0.7213537693023682
0.5539492964744568
0.5472603440284729
0.6474965214729309
0.4306490123271942
0.6951541304588318
0.7010670304298401
0.7417573928833008
0.4384840130805969
0.7102988958358765
0.44028186798095703
0.7122628688812256
0.27681785821914673
0.3744965195655823
0.3956140875816345
0.6661695837974548
0.4728204011917114
0.31145384907722473
0.5060919523239136
0.7712481021881104
0.4777786433696747
0.26991209387779236
0.5528481602668762
0.5193163156509399
0.7000070214271545
0.5686826109886169
0.735592782497406
0.5879423022270203
0.7509097456932068
0.7100710868835449
0.4665415287017822
0.3904542028903961
0.5780633687973022
0.6634750962257385
0.5292072892189026
0.6226676106452942
0.6870240569114685
0.7423350811004639
0.6476296782493591
0.7779535055160522
0.5109249949455261
0.40605291724205017
0.4347972571849823
0.5820136070251465
0.352491170167923
0.5885710120201111
0.5194547176361084
0.578218936920166
0.6016417741775513
0.4626328647136688
0.6244319081306458
0.6302458643913269
0.6840173006057739
0.6118572950363159
0.3486503064632416
0.4997575283050537
0.2502383589744568
0.607170581817627
0.6608769297599792
0.48846757411956787
0.626442015171051
0.5994988679885864
0.6544085144996643
0.6164293885231018
0.259549617767334
0.5281522274017334
0.6111844778060913
0.6209987998008728
0.8030219078063965
0.7580414414405823
0.5290392637252808
0.4597330391407013
0.4534127414226532
0.5944777131080627
0.5110549926757812
0.3389843702316284
0.6464725732803345
0.4926224946975708
0.6640831828117371
0.6423730254173279
0.6192580461502075
0.350868284702301
0.52386075258255
0.6612422466278076
0.6906272172927856
0.5787696838378906
0.7112144231796265
0.3513655364513397
0.7339438199996948
0.6146644949913025
0.3486783802509308
0.6980846524238586
0.42788225412368774
0.3139260411262512
0.502443790435791
0.43222686648368835
0.7462090253829956
0.5773172378540039
0.5618435740470886
0.6227258443832397
0.4488372802734375
0.6797817349433899
0.695347249507904
0.7731345891952515
0.4550040662288666
0.7520869970321655
0.45101454854011536
0.7472546696662903
0.27721303701400757
0.41857871413230896
0.3872036039829254
0.6902948021888733
0.48906704783439636
0.3039109408855438
0.5081552863121033
0.7863783836364746
0.4780425429344177
0.24683091044425964
0.5612767934799194
0.49856486916542053
0.7303690910339355
0.570708155632019
0.7593998312950134
0.5613244771957397
0.7700028419494629
0.7125931978225708
0.4694937765598297
0.37418922781944275
0.5957439541816711
0.6632335782051086
0.5370500683784485
0.6054565906524658
0.6851562857627869
0.7453271746635437
0.6604728698730469
0.7901524901390076
0.5021017789840698
0.41173192858695984
0.4409424960613251
0.5703468918800354
0.34547775983810425
0.5971064567565918
0.5157706141471863
0.5811936855316162
0.6070119738578796
0.46091899275779724
0.6306912899017334
0.6218602061271667
0.7075607180595398
0.608041524887085
0.34700149297714233
0.49956580996513367
0.24691635370254517
0.6053072214126587
0.6663275361061096
0.5163971781730652
0.6320313215255737
0.5843548774719238
0.6425708532333374
0.6212167739868164
0.2667529582977295
0.5446885228157043
0.6116409301757812
0.6441265940666199
0.7778072357177734
0.7629092931747437
0.5421014428138733
0.46474531292915344
0.4436846077442169
0.579217791557312
0.4951276183128357
0.3591470420360565
0.6226869225502014
0.4856818914413452
0.6724393367767334
0.6327535510063171
0.6081817746162415
0.34408196806907654
0.5227340459823608
0.6587898135185242
0.6927856802940369
0.589361310005188
0.7122977375984192
0.34762969613075256
0.7388836145401001
0.6034006476402283
0.354251891374588
0.6832554340362549
0.4398297071456909
0.30460667610168457
0.5299215912818909
0.4066450893878937
0.7366312146186829
0.5725224018096924
0.545387864112854
0.6449785828590393
0.45884788036346436
0.6758654713630676
0.6951146125793457
0.769992470741272
0.4561031758785248
0.7285805344581604
0.47587883472442627
0.7461708188056946
0.28631845116615295
0.39948758482933044
0.3931502103805542
0.6829681992530823
0.4882741868495941
0.329939067363739
0.4911952316761017
0.7826354503631592
0.46592894196510315
0.2714584469795227
0.5380133390426636
0.4885883033275604
0.7030644416809082
0.5681006908416748
0.7055544853210449
0.5637611150741577
0.7304590940475464
0.705761730670929
0.4501095712184906
0.3828575909137726
0.5835848450660706
0.6344550848007202
0.5242775082588196
0.6134712100028992
0.6649788618087769
0.7368717789649963
0.6341997981071472
0.7821866869926453
0.4803321957588196
0.39565309882164
0.43076467514038086
0.5651234984397888
0.3328189253807068
0.5716008543968201
0.5152065753936768
0.5815960168838501
0.5915971398353577
0.46865159273147583
0.6186442971229553
0.6004270315170288
0.6841147541999817
0.5764293670654297
0.33018195629119873
0.4804397523403168
0.24260856211185455
0.5513327121734619
0.6410232186317444
0.4899362027645111
0.632466733455658
0.5865527987480164
0.6113581657409668
0.6168997883796692
0.24742624163627625
0.5212731957435608
0.5893176198005676
0.6271775364875793
0.7740074396133423
0.7448184490203857
0.547841489315033
0.44897952675819397
0.43193572759628296
0.5807034373283386
0.4936598539352417
0.3520969748497009
0.5979945659637451
0.48193520307540894
0.6425948143005371
0.6097495555877686
0.5712053179740906
0.3346514403820038
0.4999396800994873
0.6391348838806152
0.6669184565544128
0.5469524264335632
0.7290611267089844
0.3401552438735962
0.7105907797813416
0.5846632122993469
0.35691720247268677
0.6613613367080688
0.4258345365524292
0.3058183789253235
0.526309072971344
0.4047621190547943
0.7271628975868225
0.561333417892456
0.5522553324699402
0.643595814704895
0.4335104525089264
0.6753827929496765
0.7017201781272888
0.7334209084510803
0.45175984501838684
0.7229197025299072
0.4579439163208008
0.719123125076294
0.2790541648864746
0.408956915140152
0.4028579592704773
0.6632985472679138
0.47091734409332275
0.3313560485839844
0.48603034019470215
0.7662038207054138
0.48824065923690796
0.27532562613487244
0.5579673051834106
0.5063358545303345
0.7075247168540955
0.5893754959106445
0.7330671548843384
0.5729526281356812
0.7669710516929626
0.7300107479095459
0.48152273893356323
0.3878062665462494
0.5665287971496582
0.6761231422424316
0.5395107269287109
0.608048677444458
0.6672437787055969
0.7374089360237122
0.646518349647522
0.8053383231163025
0.49659231305122375
0.4114237129688263
0.4432102143764496
0.588182270526886
0.32454007863998413
0.5779892206192017
0.5195127129554749
0.583804190158844
0.5956790447235107
0.4604390561580658
0.6009474992752075
0.6120495200157166
0.6970185041427612
0.5899708271026611
0.316491037607193
0.5119357109069824
0.25133535265922546
0.5888640880584717
0.630069375038147
0.4868224859237671
0.6456726789474487
0.5825709700584412
0.6405581831932068
0.6255433559417725
0.24738368391990662
0.5385127663612366
0.6018949151039124
0.643483579158783
0.7792568206787109
0.7629774808883667
0.5406739115715027
0.46269938349723816
0.41102156043052673
0.584159255027771
0.511635959148407
0.33331289887428284
0.6397272348403931
0.4697888195514679
0.6702972054481506
0.6547889709472656
0.5949714183807373
0.34631723165512085
0.5155664682388306
0.652934730052948
0.6828751564025879
0.5476236939430237
0.7176856398582458
0.3209182322025299
0.7432470321655273
0.6138498187065125
0.34259939193725586
0.6739042401313782
0.45237991213798523
0.3072505593299866
0.5218053460121155
0.4278895854949951
0.7274584770202637
0.5717962980270386
0.555600106716156
0.6465101838111877
0.45779532194137573
0.6687659025192261
0.7312617897987366
0.7623208165168762
0.440775066614151
0.7331024408340454
0.44646966457366943
0.738366961479187
0.2806600332260132
0.38610172271728516
0.40858733654022217
0.6778534054756165
0.46463730931282043
0.33687251806259155
0.4896150529384613
0.7773747444152832
0.4851375222206116
0.2402934432029724
0.5448451638221741
0.5037400126457214
0.7177921533584595
0.5575206279754639
0.7407666444778442
0.5647455453872681
0.7622910141944885
0.7123479843139648
0.4619799554347992
0.3756757378578186
0.592206597328186
0.6743301749229431
0.5283602476119995
0.6201378703117371
0.6830285787582397
0.7536453604698181
0.6428985595703125
0.7860702872276306
0.49257901310920715
0.4113985002040863
0.4408282935619354
0.5773199200630188
0.3439265787601471
0.5897519588470459
0.5124051570892334
0.5922897458076477
0.6115103363990784
0.4494274854660034
0.6245494484901428
0.612040638923645
0.7170085906982422
0.595937192440033
0.3394065201282501
0.5067791938781738
0.26254045963287354
0.590993344783783
0.6629713773727417
0.5028480291366577
0.6324376463890076
0.5973554253578186
0.634185254573822
0.6241838335990906
0.25120866298675537
0.5188981890678406
0.604822039604187
0.6311299800872803
0.8017853498458862
0.759617030620575
0.5498864650726318
0.4433661103248596
0.4300127625465393
0.5925047993659973
0.4988030791282654
0.36517220735549927
0.6247259974479675
0.47124430537223816
0.652544379234314
0.6362180113792419
0.6009162068367004
0.3473595380783081
0.5084049105644226
0.6430602669715881
0.6856035590171814
0.5732756853103638
0.7041654586791992
0.34848344326019287
0.7298164963722229
0.6226281523704529
0.34030595421791077
0.6839392781257629
0.42274314165115356
0.3074761927127838
0.5290169715881348
0.4144308865070343
0.7302274703979492
0.5523878335952759
0.5494979619979858
0.6419082880020142
0.45120298862457275
0.6852231025695801
0.7011158466339111
0.7688824534416199
0.4587128162384033
0.7418466806411743
0.45813456177711487
0.7423778176307678
0.27079200744628906
0.3968116044998169
0.4029688835144043
0.6775060892105103
0.4913853406906128
0.3446372151374817
0.5073389410972595
0.7987495064735413
0.5013577938079834
0.26284006237983704
0.5417275428771973
0.5110876560211182
0.691909909248352
0.5629822015762329
0.7457244992256165
0.5843026638031006
0.7492902278900146
0.7224681973457336
0.4796372056007385
0.3766224682331085
0.5830274820327759
0.6434396505355835
0.5350219011306763
0.5809569358825684
0.6896257400512695
0.7451803684234619
0.6332589983940125
0.8039756417274475
0.4958719313144684
0.40127044916152954
0.4390753507614136
0.5982171893119812
0.3087967336177826
0.5751637816429138
0.5326669812202454
0.5707709193229675
0.6077267527580261
0.48103705048561096
0.6231805682182312
0.6428990364074707
0.7002996206283569
0.6009421348571777
0.32071131467819214
0.48111534118652344
0.24369214475154877
0.576323390007019
0.6550706624984741
0.5230558514595032
0.6361550092697144
0.5918785333633423
0.651449978351593
0.6418361067771912
0.2551727890968323
0.5420960783958435
0.6082999110221863
0.6533060669898987
0.7891904711723328
0.7680399417877197
0.5377793908119202
0.46206358075141907
0.4246787428855896
0.5985621809959412
0.5068394541740417
0.3390401303768158
0.6459754109382629
0.47745591402053833
0.6638856530189514
0.6516992449760437
0.6086515784263611
0.35959020256996155
0.5192449688911438
0.670005202293396
0.6908673644065857
0.5875740647315979
0.7202171087265015
0.3350737690925598
0.7505679726600647
0.6263567805290222
0.3549748957157135
0.6852691173553467
0.40661370754241943
0.3177882134914398
0.5319563150405884
0.4095710813999176
0.7269704937934875
0.572116494178772
0.5619808435440063
0.6595494747161865
0.45601803064346313
0.6705989241600037
0.7129477262496948
0.7560620307922363
0.43632033467292786
0.719734787940979
0.423382043838501
0.7398892045021057
0.2748550474643707
0.38010337948799133
0.36967745423316956
0.6829251646995544
0.4817831814289093
0.32773324847221375
0.49819043278694153
0.7920466661453247
0.49873048067092896
0.28673163056373596
0.567866861820221
0.5053252577781677
0.716523289680481
0.5731026530265808
0.7090734839439392
0.57989501953125
0.7516258955001831
0.7308802604675293
0.47211992740631104
0.3842565417289734
0.5786641240119934
0.6580237150192261
0.5357377529144287
0.6044073104858398
0.6775757074356079
0.7358570098876953
0.6645298600196838
0.7912983894348145
0.4907529354095459
0.41286781430244446
0.43784695863723755
0.592678427696228
0.32808688282966614
0.5796296000480652
0.5336018204689026
0.5844860672950745
0.5972480773925781
0.48562848567962646
0.6148977875709534
0.6474629044532776
0.7089503407478333
0.6073921322822571
0.35615551471710205
0.505287230014801
0.23751147091388702
0.5900034308433533
0.6511967182159424
0.5072495937347412
0.6282644867897034
0.5863050818443298
0.64605712890625
0.632415771484375
0.255811870098114
0.5379562377929688
0.607843279838562
0.6456543207168579
0.7882649302482605
0.7696065902709961
0.5495375990867615
0.4603410065174103
0.4259060323238373
0.6046715974807739
0.5093712210655212
0.37091064453125
0.6353746056556702
0.483216792345047
0.6672563552856445
0.6594204306602478
0.603716254234314
0.3532363176345825
0.5269884467124939
0.6542722582817078
0.6755727529525757
0.5716757774353027
0.7276960611343384
0.3523510992527008
0.7404929399490356
0.6412289142608643
0.34652626514434814
0.6821172833442688
0.43153080344200134
0.31836944818496704
0.5453665256500244
0.4172590374946594
0.7377570867538452
0.5699422955513
0.5649287700653076
0.6540911197662354
0.46845290064811707
0.6832238435745239
0.7281006574630737
0.7566853165626526
0.4620455205440521
0.724095344543457
0.46683695912361145
0.7369134426116943
0.2963179349899292
0.3833329379558563
0.4062291085720062
0.695205569267273
0.4942891299724579
0.3153868615627289
0.49296659231185913
0.7757067680358887
0.476766437292099
0.26746076345443726
0.5528185963630676
0.5003735423088074
0.7178835272789001
0.5881274342536926
0.757089376449585
0.5710629224777222
0.7546834945678711
0.7345409989356995
0.45525088906288147
0.3702467083930969
0.5703376531600952
0.6500513553619385
0.5329294800758362
0.6020678281784058
0.6738300919532776
0.7371771931648254
0.6473121047019958
0.7664375305175781
0.49706852436065674
0.40584638714790344
0.4412786066532135
0.5855812430381775
0.33300796151161194
0.5938801169395447
0.5243222117424011
0.5761900544166565
0.6025837063789368
0.484519362449646
0.6358133554458618
0.6211100816726685
0.7228307127952576
0.6062629222869873
0.347924143075943
0.48935699462890625
0.23052933812141418
0.561152458190918
0.6578115224838257
0.5162879824638367
0.6304229497909546
0.5937767028808594
0.6344598531723022
0.6357986330986023
0.25558730959892273
0.5131145119667053
0.622372031211853
0.6280359029769897
0.7951992154121399
0.7564908862113953
0.5461941957473755
0.4508638083934784
0.41631805896759033
0.5970916152000427
0.49411675333976746
0.3437650799751282
0.632841169834137
0.48243796825408936
0.6691205501556396
0.628503680229187
0.5974394679069519
0.3500458300113678
0.5274260640144348
0.6520448923110962
0.664986789226532
0.5746935606002808
0.7088304758071899
0.3602115511894226
0.7270632386207581
0.6299539804458618
0.3651292622089386
0.6985465884208679
0.4238146245479584
0.3173734247684479
0.5368830561637878
0.4224630296230316
0.738384485244751
0.560523509979248
0.5732572674751282
0.6397269368171692
0.4590911269187927
0.6867254972457886
0.717345118522644
0.7575159072875977
0.4581068754196167
0.7333780527114868
0.4516376554965973
0.7245973348617554
0.2878445088863373
0.39779385924339294
0.38151419162750244
0.6906424164772034
0.48817065358161926
0.34096384048461914
0.4932652711868286
0.7809174060821533
0.4889218807220459
0.2671438455581665
0.5711489319801331
0.497627854347229
0.7030767202377319
0.5688367486000061
0.7425654530525208
0.5779632925987244
0.7708751559257507
0.7497173547744751
0.48108595609664917
0.3924190104007721
0.5822293758392334
0.6556939482688904
0.5458781719207764
0.6065549850463867
0.6917496919631958
0.7488595247268677
0.6820802092552185
0.8121377229690552
0.4840048849582672
0.4195769429206848
0.4242764711380005
0.6048946976661682
0.32071051001548767
0.5892285704612732
0.5211763381958008
0.6018725633621216
0.6016892790794373
0.4705483019351959
0.6042742133140564
0.6469427943229675
0.6933519840240479
0.6039556264877319
0.34586480259895325
0.515475332736969
0.24940593540668488
0.587652325630188
0.64377361536026
0.5029552578926086
0.6640852093696594
0.602401614189148
0.6447088718414307
0.6373984217643738
0.2818043529987335
0.5212525129318237
0.618118941783905
0.6436181664466858
0.8163909912109375
0.775965690612793
0.5402845740318298
0.4691987633705139
0.4050019383430481
0.6092284917831421
0.5137829184532166
0.3285970389842987
0.6457938551902771
0.4655347466468811
0.6722527742385864
0.6616782546043396
0.6029393672943115
0.34658282995224
0.5137247443199158
0.6527660489082336
0.6937328577041626
0.5956318378448486
0.7168121337890625
0.348910927772522
0.7464091181755066
0.6308771371841431
0.3538033366203308
0.7042385935783386
0.41053080558776855
0.30010899901390076
0.5509234070777893
0.41711917519569397
0.7224293351173401
0.5612038969993591
0.5693761110305786
0.648175060749054
0.4477143883705139
0.6813207268714905
0.7115999460220337
0.7459391355514526
0.4411219656467438
0.7320470809936523
0.4548530876636505
0.7534531950950623
0.2800830006599426
0.3789593577384949
0.4006386697292328
0.6908472180366516
0.480538010597229
0.32639452815055847
0.4813859760761261
0.7862107753753662
0.49197784066200256
0.26090025901794434
0.5628898739814758
0.4975603222846985
0.7063789367675781
0.5619681477546692
0.7358889579772949
0.5754761099815369
0.762800395488739
0.7203861474990845
0.4876445233821869
0.39003556966781616
0.5865391492843628
0.6639173626899719
0.527705192565918
0.5973594784736633
0.6699581146240234
0.7406253814697266
0.6241231560707092
0.7719432711601257
0.48638471961021423
0.40697672963142395
0.4431753158569336
0.5907074213027954
0.3345082104206085
0.5817976593971252
0.517767071723938
0.5850837230682373
0.5984041690826416
0.437031626701355
0.6260663270950317
0.6063874363899231
0.6819666028022766
0.623711884021759
0.3381158709526062
0.5265992283821106
0.23023279011249542
0.5738840699195862
0.6456166505813599
0.5244640707969666
0.6272550225257874
0.6002082228660583
0.6499992609024048
0.6265686750411987
0.2616387903690338
0.5308380722999573
0.6052526235580444
0.6349290013313293
0.7957311868667603
0.7717940807342529
0.5350838303565979
0.4723035395145416
0.42664477229118347
0.5887395143508911
0.5075138211250305
0.35498046875
0.6137133836746216
0.4806373119354248
0.677756667137146
0.6324535608291626
0.6064895391464233
0.3448205888271332
0.5007033944129944
0.6428917646408081
0.6915751695632935
0.5538330674171448
0.7274561524391174
0.33422335982322693
0.7471176385879517
0.613532543182373
0.3576292395591736
0.687252402305603
0.4547317922115326
0.32026761770248413
0.5290963649749756
0.44288063049316406
0.7285211682319641
0.5523221492767334
0.561661422252655
0.640109121799469
0.45781683921813965
0.6958922743797302
0.729929506778717
0.7467541098594666
0.4595857262611389
0.7400217056274414
0.45266953110694885
0.755571186542511
0.2712553143501282
0.39735785126686096
0.4140905439853668
0.6806605458259583
0.49244511127471924
0.3251987397670746
0.49099549651145935
0.7952760457992554
0.4880726933479309
0.255852609872818
0.5635997653007507
0.5099915266036987
0.7104576826095581
0.5517300963401794
0.7093946933746338
0.5669693946838379
0.7524228096008301
0.7178945541381836
0.4729096591472626
0.394851952791214
0.5993932485580444
0.6606640219688416
0.5327163934707642
0.6171647310256958
0.6805707812309265
0.7517879009246826
0.6558758020401001
0.7785616517066956
0.476054847240448
0.40422168374061584
0.4253900945186615
0.5773714184761047
0.3534872829914093
0.5815558433532715
0.5135750770568848
0.5993806719779968
0.6058067083358765
0.4686235189437866
0.6180665493011475
0.6198453903198242
0.6853693723678589
0.5831678509712219
0.31213000416755676
0.4944052994251251
0.24727746844291687
0.5883997678756714
0.6545815467834473
0.4720887243747711
0.6264113187789917
0.5759514570236206
0.6254953742027283
0.640809178352356
0.2582108676433563
0.5424371361732483
0.606769323348999
0.6432375907897949
0.7928215861320496
0.7628987431526184
0.5303027033805847
0.4474298059940338
0.4077576994895935
0.5939728021621704
0.5058630108833313
0.35147687792778015
0.6360993981361389
0.46147942543029785
0.6608415842056274
0.6617433428764343
0.6053571105003357
0.34457075595855713
0.5045434832572937
0.6394223570823669
0.6900413036346436
0.5637458562850952
0.7249661087989807
0.34209713339805603
0.7508510947227478
0.6038779020309448
0.34520432353019714
0.6794173717498779
0.42502209544181824
0.31588736176490784
0.5450837016105652
0.41501280665397644
0.7181047797203064
0.5660306215286255
0.5649959444999695
0.654985785484314
0.4542351961135864
0.6661320924758911
0.7156409025192261
0.7558996677398682
0.4354913830757141
0.7068006992340088
0.4486289322376251
0.7454953789710999
0.27325552701950073
0.40031901001930237
0.3938378095626831
0.6713578104972839
0.48515138030052185
0.3372178375720978
0.48420119285583496
0.7789080739021301
0.49419069290161133
0.27148839831352234
0.5515307784080505
0.5002203583717346
0.7228307127952576
0.5642549395561218
0.691335916519165
0.5833818912506104
0.759804368019104
0.7161471247673035
0.48565131425857544
0.40593230724334717
0.6060269474983215
0.6742131114006042
0.5383491516113281
0.6119367480278015
0.682300865650177
0.7535405158996582
0.6514037251472473
0.7928262948989868
0.485550194978714
0.406751811504364
0.43045949935913086
0.5824095010757446
0.3212956488132477
0.5872256755828857
0.4989849925041199
0.5817773938179016
0.6009363532066345
0.45401743054389954
0.6378500461578369
0.6179845929145813
0.6773092746734619
0.5983796715736389
0.32914668321609497
0.5004216432571411
0.26258233189582825
0.5922985076904297
0.6626216173171997
0.5187720060348511
0.6308101415634155
0.5842918753623962
0.63187175989151
0.6265482306480408
0.25891032814979553
0.5414516925811768
0.5944792032241821
0.6525262594223022
0.8014953136444092
0.75804603099823
0.5440252423286438
0.4612278342247009
0.41301992535591125
0.5979564189910889
0.507719874382019
0.32986128330230713
0.6206130385398865
0.47793594002723694
0.6754269599914551
0.6443076133728027
0.6197707056999207
0.33752769231796265
0.5044448971748352
0.6534680128097534
0.684135377407074
0.5766637325286865
0.7162866592407227
0.33650824427604675
0.7482579350471497
0.6027877330780029
0.35373207926750183
0.6982699632644653
0.4261762499809265
0.3005650043487549
0.5320901870727539
0.43022620677948
0.7162458300590515
0.5674775838851929
0.5541371703147888
0.6491426825523376
0.4538550078868866
0.6663010716438293
0.7151353359222412
0.7677097320556641
0.44740045070648193
0.7214849591255188
0.45785635709762573
0.7537257075309753
0.2797393500804901
0.3905643820762634
0.41634151339530945
0.6731194853782654
0.4816874861717224
0.32220324873924255
0.5097301602363586
0.7758492827415466
0.46511101722717285
0.28082677721977234
0.5593977570533752
0.4983716607093811
0.7318453192710876
0.5828742980957031
0.7369435429573059
0.5754855871200562
0.7683913707733154
0.7199915051460266
0.4434637129306793
0.3860853612422943
0.5690521597862244
0.6580600142478943
0.5282313823699951
0.6299695372581482
0.6797698736190796
0.745678186416626
0.6422743797302246
0.7720443606376648
0.47826921939849854
0.40561890602111816
0.43935924768447876
0.5743672847747803
0.3463085889816284
0.592330813407898
0.5037848353385925
0.571446418762207
0.603644073009491
0.47811922430992126
0.6506905555725098
0.6199445724487305
0.7066009044647217
0.6056384444236755
0.3355404734611511
0.49782466888427734
0.256438672542572
0.5702747702598572
0.6573671698570251
0.4928460121154785
0.6154448986053467
0.6001635789871216
0.6461060047149658
0.6265760660171509
0.2570157051086426
0.5147190690040588
0.6063078045845032
0.6355413794517517
0.7798938155174255
0.7526516914367676
0.546974241733551
0.43399032950401306
0.42531993985176086
0.5888728499412537
0.4949893653392792
0.36725887656211853
0.630007803440094
0.49359336495399475
0.666049599647522
0.6418994069099426
0.5972468256950378
0.3451637923717499
0.5153812170028687
0.6487127542495728
0.6734505295753479
0.5718603730201721
0.704103946685791
0.35419440269470215
0.7215330004692078
0.617479145526886
0.33331918716430664
0.6880922913551331
0.41823118925094604
0.3055381774902344
0.5408239364624023
0.4120955467224121
0.7238651514053345
0.5706441402435303
0.5595484375953674
0.6373358964920044
0.4477890133857727
0.6767202615737915
0.716103196144104
0.7658452391624451
0.459943950176239
0.7231668829917908
0.4604414701461792
0.7255942225456238
0.27433082461357117
0.4098135232925415
0.3846406042575836
0.6927703619003296
0.48901841044425964
0.33031603693962097
0.494470477104187
0.7657477855682373
0.483917236328125
0.27246853709220886
0.5733031034469604
0.49414679408073425
0.7294599413871765
0.5533477067947388
0.7221145033836365
0.5776997804641724
0.7697053551673889
0.7205634117126465
0.4705500900745392
0.3737235367298126
0.5742155313491821
0.6469101309776306
0.5290576815605164
0.5928604602813721
0.6769585609436035
0.7385117411613464
0.6524041295051575
0.7584866881370544
0.48327749967575073
0.4016580581665039
0.4286828339099884
0.5869519710540771
0.32399943470954895
0.5793601870536804
0.5170707106590271
0.6029002666473389
0.6201127171516418
0.48245513439178467
0.622949481010437
0.6143348813056946
0.7059759497642517
0.6012464165687561
0.31810054183006287
0.48916542530059814
0.26022112369537354
0.5609544515609741
0.62803053855896
0.5062279105186462
0.6319894790649414
0.5860728025436401
0.6308327913284302
0.6491274237632751
0.2599061131477356
0.520097017288208
0.6073926687240601
0.6416357159614563
0.7881744503974915
0.7545645833015442
0.538339376449585
0.45266029238700867
0.40537944436073303
0.6008680462837219
0.5027600526809692
0.3466542661190033
0.6113772392272949
0.4748140871524811
0.6683332324028015
0.6466266512870789
0.6067789196968079
0.3594616949558258
0.5180559754371643
0.6413652300834656
0.670712411403656
0.5769587755203247
0.725975513458252
0.33147820830345154
0.741109311580658
0.6199527382850647
0.34585705399513245
0.6731467247009277
0.4121447503566742
0.30842018127441406
0.5471059679985046
0.41414153575897217
0.7239856719970703
0.544490396976471
0.5525264739990234
0.6476480960845947
0.446461021900177
0.688653290271759
0.7219827771186829
0.7490228414535522
0.44368603825569153
0.7201985716819763
0.431649774312973
0.7232959866523743
0.2738149166107178
0.3892884850502014
0.3896787762641907
0.6820793747901917
0.48927271366119385
0.3302357792854309
0.48945242166519165
0.7849963307380676
0.4786053001880646
0.27233296632766724
0.5397533774375916
0.5034224987030029
0.713161289691925
0.5879424810409546
0.7165501713752747
0.5697365403175354
0.7424357533454895
0.7168563008308411
0.4594390094280243
0.39636990427970886
0.5690529346466064
0.660550594329834
0.5392031669616699
0.609121561050415
0.6711270809173584
0.7320922613143921
0.6369745135307312
0.8105173110961914
0.5100386738777161
0.39687588810920715
0.43100258708000183
0.598112165927887
0.3315412104129791
0.5851484537124634
0.5269291400909424
0.5849366784095764
0.5842199921607971
0.4886592924594879
0.617676854133606
0.646551787853241
0.7050360441207886
0.603541374206543
0.34385576844215393
0.49930858612060547
0.25203627347946167
0.5884207487106323
0.665566086769104
0.5142924189567566
0.6174296140670776
0.5946411490440369
0.6346968412399292
0.6181027889251709
0.2541353404521942
0.5253825783729553
0.6110013723373413
0.6284950971603394
0.7961242198944092
0.7626031041145325
0.5516318678855896
0.4597368836402893
0.40734830498695374
0.5937454700469971
0.5058165788650513
0.33090922236442566
0.6541920900344849
0.4858832061290741
0.6631562113761902
0.6562968492507935
0.5944165587425232
0.3596027195453644
0.5270636081695557
0.6613403558731079
0.6758618354797363
0.5849059224128723
0.7056316137313843
0.3521844148635864
0.7346689701080322
0.6350768804550171
0.34523603320121765
0.6888405680656433
0.42337971925735474
0.3136923313140869
0.5495017170906067
0.41190198063850403
0.7278940677642822
0.5679617524147034
0.5626271963119507
0.6515516638755798
0.4694514572620392
0.685014009475708
0.7221887707710266
0.7730592489242554
0.45675215125083923
0.7321420311927795
0.4506973326206207
0.7343956232070923
0.2751016616821289
0.41556113958358765
0.38153016567230225
0.6860421299934387
0.4848937392234802
0.3259364068508148
0.49533340334892273
0.766671359539032
0.48027268052101135
0.23928961157798767
0.5139074325561523
0.49619337916374207
0.6787973046302795
0.5550662279129028
0.6946142315864563
0.5691431164741516
0.7367732524871826
0.7042525410652161
0.45942798256874084
0.3759913146495819
0.6055529117584229
0.649695873260498
0.5387903451919556
0.6053364872932434
0.6898170113563538
0.7434300780296326
0.6089774370193481
0.7858551740646362
0.5032214522361755
0.39366182684898376
0.43352562189102173
0.5808805823326111
0.32859867811203003
0.5868839025497437
0.5089291334152222
0.5798729658126831
0.6162319779396057
0.4609183073043823
0.6311094164848328
0.6150567531585693
0.6895395517349243
0.5930619835853577
0.3400422930717468
0.5007033944129944
0.2522767186164856
0.5871022939682007
0.655824601650238
0.5301195979118347
0.6071065664291382
0.5859699249267578
0.6191564202308655
0.6359097957611084
0.242557555437088
0.5425047874450684
0.6122552752494812
0.6311913728713989
0.7770771980285645
0.7485826015472412
0.5416902899742126
0.456606388092041
0.4227411448955536
0.5763424038887024
0.49131932854652405
0.337333619594574
0.6155552864074707
0.48858997225761414
0.6524775624275208
0.6322092413902283
0.6027887463569641
0.3507566452026367
0.5211835503578186
0.6657686829566956
0.6691253781318665
0.5595219135284424
0.7217785120010376
0.3382115662097931
0.7314502000808716
0.5926420092582703
0.35781046748161316
0.6737416386604309
0.4301106035709381
0.31247228384017944
0.5430297255516052
0.403456449508667
0.7101395130157471
0.5816070437431335
0.5414901375770569
0.6304568648338318
0.4735459089279175
0.6643835306167603
0.6974511742591858
0.7529300451278687
0.42850208282470703
0.7301323413848877
0.45482155680656433
0.7391722798347473
0.27746522426605225
0.3882209062576294
0.38096919655799866
0.6745003461837769
0.48165103793144226
0.32898974418640137
0.5048274993896484
0.7760975360870361
0.48365214467048645
0.24772249162197113
0.526936411857605
0.5003735423088074
0.7111518979072571
0.5644989013671875
0.7190043330192566
0.5581804513931274
0.7640826106071472
0.7063220143318176
0.4495348334312439
0.3968891501426697
0.5911111235618591
0.6275038719177246
0.5304296612739563
0.618108868598938
0.6784420609474182
0.7530283331871033
0.648697555065155
0.7796372771263123
0.4865896701812744
0.3880980312824249
0.4294392764568329
0.5680096745491028
0.3362942337989807
0.6013026237487793
0.4968976676464081
0.5712029337882996
0.582748532295227
0.47794440388679504
0.6379619836807251
0.6178092360496521
0.6882164478302002
0.5974702835083008
0.3127463459968567
0.48241645097732544
0.2524040937423706
0.5727235674858093
0.6696943044662476
0.5054013729095459
0.6260551810264587
0.5885885953903198
0.6212158799171448
0.6297736763954163
0.2511236369609833
0.531194269657135
0.6138757467269897
0.6269270777702332
0.7883619666099548
0.758394181728363
0.5489380359649658
0.4550522267818451
0.41322842240333557
0.5914682745933533
0.49543601274490356
0.3333735167980194
0.6325173377990723
0.4972010552883148
0.6630562543869019
0.6572111248970032
0.5990776419639587
0.3583378791809082
0.5075531601905823
0.6587994694709778
0.6745128631591797
0.5848369002342224
0.7106037139892578
0.3263874650001526
0.7418643832206726
0.5777776837348938
0.34593796730041504
0.6738686561584473
0.4080723524093628
0.30683717131614685
0.5272672176361084
0.4216763973236084
0.7068460583686829
0.5762085914611816
0.5541225075721741
0.6418588161468506
0.4592394530773163
0.6887622475624084
0.7027096152305603
0.7597885727882385
0.4396432638168335
0.7236178517341614
0.43815070390701294
0.7368181943893433
0.2687906324863434
0.39026641845703125
0.3769579529762268
0.6650407910346985
0.4879020154476166
0.32368332147598267
0.4946501851081848
0.7942715883255005
0.4880726635456085
0.2558526396751404
0.5635997653007507
0.5099915266036987
0.7104576826095581
0.5517300963401794
0.7093946933746338
0.5669693350791931
0.7524228096008301
0.7178945541381836
0.4729096591472626
0.394851952791214
0.5993932485580444
0.6606640219688416
0.5327163934707642
0.6171647310256958
0.6805707812309265
0.7517879009246826
0.6558758020401001
0.7785615921020508
0.476054847240448
0.40422168374061584
0.4253900945186615
0.5773714184761047
0.3534872829914093
0.5815558433532715
0.5135750770568848
0.5993806719779968
0.6058066487312317
0.4686235189437866
0.6180665493011475
0.6198453903198242
0.6853693723678589
0.5831678509712219
0.3121299743652344
0.4944052994251251
0.24727745354175568
0.5883997678756714
0.6545815467834473
0.4720887243747711
0.6264113187789917
0.5759514570236206
0.6254953742027283
0.640809178352356
0.25821083784103394
0.5424371361732483
0.6067692637443542
0.6432375907897949
0.7928215861320496
0.7628987431526184
0.5303027033805847
0.4474298059940338
0.4077576994895935
0.5939728021621704
0.5058630108833313
0.35147687792778015
0.6360993385314941
0.46147942543029785
0.6608415842056274
0.6617433428764343
0.6053571105003357
0.34457075595855713
0.5045434832572937
0.6394223570823669
0.6900413036346436
0.5637458562850952
0.7249661087989807
0.34209713339805603
0.7508512735366821
0.6038779616355896
0.34520432353019714
0.6794173717498779
0.4250221252441406
0.31588736176490784
0.5450837016105652
0.41501280665397644
0.7181047797203064
0.5660306215286255
0.5649959444999695
0.654985785484314
0.4542351961135864
0.6661320924758911
0.7156409621238708
0.7558996677398682
0.4354913830757141
0.7068006992340088
0.4486289322376251
0.7454953789710999
0.27325552701950073
0.40031903982162476
0.3938378095626831
0.6713578104972839
0.48515138030052185
0.3372178375720978
0.48420119285583496
0.7789080739021301
0.46041086316108704
0.2635590434074402
0.5336851477622986
0.4941520392894745
0.6954832077026367
0.5811560750007629
0.7214798927307129
0.5699860453605652
0.7537724375724792
0.7170048356056213
0.45433515310287476
0.39118531346321106
0.569365918636322
0.6455509662628174
0.5152376890182495
0.6171311736106873
0.6741953492164612
0.7458105087280273
0.6163038015365601
0.7558081150054932
0.48073166608810425
0.39574652910232544
0.44030866026878357
0.5601998567581177
0.33245059847831726
0.5780718326568604
0.5078465938568115
0.5602455735206604
0.5875975489616394
0.4471188485622406
0.6276994347572327
0.5930585861206055
0.6962878704071045
0.611487865447998
0.344221830368042
0.4757753312587738
0.2610563337802887
0.5822051763534546
0.6524640917778015
0.4950595796108246
0.6259388327598572
0.6005850434303284
0.628828227519989
0.6149754524230957
0.25046461820602417
0.5056846141815186
0.604472279548645
0.6143458485603333
0.7805942893028259
0.7524930834770203
0.5337058305740356
0.46335259079933167
0.4158904254436493
0.5749945640563965
0.48969948291778564
0.3393501341342926
0.5952707529067993
0.494372695684433
0.6828024983406067
0.6394316554069519
0.5976142883300781
0.3587479293346405
0.5191792845726013
0.6671715378761292
0.6825461387634277
0.5542120933532715
0.6915324926376343
0.34522345662117004
0.731869101524353
0.5995370149612427
0.3661503791809082
0.6954751014709473
0.43084517121315
0.3068450689315796
0.5467894077301025
0.4271048307418823
0.7377214431762695
0.5708066821098328
0.5429823398590088
0.6357544660568237
0.4391644299030304
0.6840776801109314
0.7104686498641968
0.7449361681938171
0.45751291513442993
0.7255680561065674
0.4546870291233063
0.7417076230049133
0.2917947769165039
0.38548851013183594
0.38728925585746765
0.6642490029335022
0.48366042971611023
0.34185630083084106
0.48942241072654724
0.7900264263153076
0.48596659302711487
0.23683397471904755
0.5518977046012878
0.4968528151512146
0.6972880363464355
0.5471827387809753
0.7260735034942627
0.5682805180549622
0.7440996170043945
0.7057618498802185
0.4637719988822937
0.37370169162750244
0.5910106897354126
0.6489302515983582
0.5313878655433655
0.6043760180473328
0.6743360161781311
0.7520973682403564
0.6270734667778015
0.7686330080032349
0.47773846983909607
0.4058355391025543
0.4278719127178192
0.5799885392189026
0.3179395794868469
0.5859888195991516
0.5101585388183594
0.5608226656913757
0.5770776271820068
0.46058496832847595
0.6071076393127441
0.5970469117164612
0.6909645795822144
0.5965474247932434
0.3332490026950836
0.48593729734420776
0.2285539209842682
0.584959089756012
0.6565763354301453
0.5165520310401917
0.6264085173606873
0.5812552571296692
0.637296199798584
0.655375063419342
0.2656402885913849
0.5218196511268616
0.6079597473144531
0.6373812556266785
0.772445023059845
0.7474024295806885
0.5306482911109924
0.4726715683937073
0.4338702857494354
0.5941805839538574
0.4945332109928131
0.34806472063064575
0.6253324747085571
0.49382245540618896
0.6713159084320068
0.6276054382324219
0.5958476662635803
0.32804983854293823
0.49766284227371216
0.6495403051376343
0.6718271374702454
0.570469856262207
0.7209808826446533
0.32798150181770325
0.7546509504318237
0.6152159571647644
0.3511062562465668
0.6810657382011414
0.4280984699726105
0.30419275164604187
0.5215405821800232
0.40854328870773315
0.7198954224586487
0.5521105527877808
0.5503737926483154
0.6359319090843201
0.44585946202278137
0.6961084604263306
0.724560558795929
0.7693918347358704
0.432949960231781
0.7283236980438232
0.45326364040374756
0.7401130795478821
0.2635674774646759
0.39332738518714905
0.4071688652038574
0.6694366931915283
0.494465708732605
0.3418648838996887
0.4859801232814789
0.7571874260902405
0.4704563319683075
0.2437448352575302
0.5494380593299866
0.4821590483188629
0.700469970703125
0.5413732528686523
0.7094177603721619
0.5533500909805298
0.7571585178375244
0.7194657325744629
0.4457826614379883
0.3888120651245117
0.5688745975494385
0.6501483917236328
0.5356901288032532
0.6044241189956665
0.6663258075714111
0.7405806183815002
0.638509213924408
0.7817664742469788
0.4855805039405823
0.40957731008529663
0.43300169706344604
0.5707294940948486
0.3276269733905792
0.6002228856086731
0.5174375176429749
0.576136589050293
0.6109843254089355
0.4682218134403229
0.6192599534988403
0.6178531050682068
0.7050413489341736
0.5851488709449768
0.3510773777961731
0.5007892847061157
0.24203598499298096
0.5869977474212646
0.6665966510772705
0.47473278641700745
0.6310017704963684
0.5992716550827026
0.6250431537628174
0.6094757318496704
0.25821366906166077
0.5159420967102051
0.6091176867485046
0.618058443069458
0.7928178310394287
0.7429381012916565
0.5297749638557434
0.4425317943096161
0.43269550800323486
0.5752245783805847
0.5001305341720581
0.3486759066581726
0.6523340940475464
0.48813751339912415
0.6554810404777527
0.630137026309967
0.6056540012359619
0.3439250886440277
0.5077983736991882
0.6600767374038696
0.6765645742416382
0.5353538990020752
0.7220526337623596
0.3357783257961273
0.7132377028465271
0.6305912733078003
0.3508617579936981
0.6943411827087402
0.43592169880867004
0.30405253171920776
0.5417918562889099
0.4317421615123749
0.7285218238830566
0.5618047118186951
0.5579715371131897
0.6249950528144836
0.4363832473754883
0.6954443454742432
0.7133833765983582
0.7557171583175659
0.4666478931903839
0.7252851724624634
0.4648081362247467
0.7042028307914734
0.2679501175880432
0.41382265090942383
0.392397403717041
0.6699820160865784
0.48142191767692566
0.3034307360649109
0.5082830190658569
0.760750949382782
0.4899158775806427
0.255989134311676
0.5502445101737976
0.517885684967041
0.700758159160614
0.582988977432251
0.792153537273407
0.5787014365196228
0.7655476331710815
0.6821823716163635
0.4784240126609802
0.3819049000740051
0.5906023979187012
0.6638771891593933
0.5372391939163208
0.620287299156189
0.6855825781822205
0.6995037794113159
0.6519585847854614
0.8087566494941711
0.5122940540313721
0.4053035080432892
0.4332308769226074
0.5970962643623352
0.3385559320449829
0.5961437821388245
0.5153438448905945
0.5955159664154053
0.6277377605438232
0.46583813428878784
0.6196857690811157
0.6373696327209473
0.7216631174087524
0.5992494821548462
0.3571087718009949
0.49648818373680115
0.2431991547346115
0.613345742225647
0.6713178157806396
0.5394066572189331
0.6130033135414124
0.6120625138282776
0.6435814499855042
0.6269558072090149
0.27071675658226013
0.5262173414230347
0.6129401922225952
0.6322811841964722
0.7894079089164734
0.7857073545455933
0.5563091039657593
0.4558018743991852
0.44408345222473145
0.5973414182662964
0.486044317483902
0.32134750485420227
0.6566376686096191
0.5049882531166077
0.6485944986343384
0.6390758156776428
0.6004927158355713
0.3577352464199066
0.5092743039131165
0.6601238250732422
0.6983258128166199
0.5713183879852295
0.7190710306167603
0.3639449179172516
0.725266695022583
0.6390442848205566
0.35544353723526
0.6974579691886902
0.4319397509098053
0.3063937723636627
0.5701176524162292
0.43642768263816833
0.7319241166114807
0.5869189500808716
0.5613935589790344
0.6505444049835205
0.47993725538253784
0.677556037902832
0.7245867252349854
0.7776506543159485
0.4639699161052704
0.7469460368156433
0.4591498076915741
0.7689192295074463
0.29403388500213623
0.39160820841789246
0.4059526026248932
0.6943658590316772
0.4900323152542114
0.3154650628566742
0.5020235776901245
0.8008683323860168
0.4949924051761627
0.2642499506473541
0.5763068199157715
0.4959122836589813
0.7131844758987427
0.5456196665763855
0.7352879047393799
0.5724015235900879
0.7439116835594177
0.6981199979782104
0.47933366894721985
0.39701417088508606
0.6044288277626038
0.6628647446632385
0.5409327745437622
0.626708984375
0.6685539484024048
0.7531841993331909
0.6381052136421204
0.7908487319946289
0.47467300295829773
0.40771645307540894
0.4272724986076355
0.5866708159446716
0.334526002407074
0.5934866070747375
0.5036205053329468
0.60616534948349
0.6119217872619629
0.4628523290157318
0.6384133100509644
0.6285416483879089
0.6908498406410217
0.6067618131637573
0.350535124540329
0.5210518836975098
0.24933339655399323
0.5980435013771057
0.664599597454071
0.5221341848373413
0.6147494316101074
0.5902565121650696
0.6233437657356262
0.6334348917007446
0.27194637060165405
0.5521475672721863
0.6056020259857178
0.6453778147697449
0.7877484560012817
0.7727310061454773
0.5433557033538818
0.4670256972312927
0.4243774712085724
0.6072737574577332
0.5015613436698914
0.33785709738731384
0.6265107989311218
0.4905620515346527
0.6745550036430359
0.6612354516983032
0.6095678210258484
0.326564222574234
0.5064840912818909
0.6613029837608337
0.6826122999191284
0.5732473731040955
0.7394595742225647
0.35724353790283203
0.751818835735321
0.6157615780830383
0.35498809814453125
0.6838353276252747
0.453664094209671
0.3129534423351288
0.5420345067977905
0.41609853506088257
0.7216525077819824
0.5675855278968811
0.5484170317649841
0.6527062058448792
0.456556499004364
0.6911346912384033
0.7185792326927185
0.7745810747146606
0.4638570249080658
0.731376588344574
0.46093684434890747
0.7728396654129028
0.28236904740333557
0.39370840787887573
0.39812201261520386
0.6678007245063782
0.49524566531181335
0.33355528116226196
0.49451908469200134
0.7617363929748535
0.47595342993736267
0.26467207074165344
0.5439744591712952
0.4858471155166626
0.6954420208930969
0.5868828296661377
0.7223184108734131
0.5693686008453369
0.743014931678772
0.705995500087738
0.45542463660240173
0.3869902491569519
0.5891277194023132
0.6404514908790588
0.5278607606887817
0.6033614873886108
0.6855864524841309
0.7432003021240234
0.623687207698822
0.780297577381134
0.5003724694252014
0.3949868083000183
0.4307502210140228
0.5775325894355774
0.33063575625419617
0.5856733322143555
0.5040633082389832
0.5696985721588135
0.6092414259910583
0.46209368109703064
0.6483091711997986
0.6067686676979065
0.7170389890670776
0.5805100202560425
0.3256438970565796
0.507666289806366
0.2573987543582916
0.5675543546676636
0.6624711155891418
0.5193101763725281
0.6213610768318176
0.6072401404380798
0.6273768544197083
0.6391720175743103
0.25793495774269104
0.5268192291259766
0.608665406703949
0.6239591836929321
0.7827816009521484
0.7553329467773438
0.5399203300476074
0.45844125747680664
0.42214205861091614
0.5948036909103394
0.4939897358417511
0.33936503529548645
0.5999617576599121
0.47989851236343384
0.6494470834732056
0.6467649340629578
0.5969238877296448
0.35573694109916687
0.5134854316711426
0.6525740027427673
0.6727876663208008
0.5625549554824829
0.6988847255706787
0.3447929620742798
0.7299042344093323
0.6121945977210999
0.350117951631546
0.6802268624305725
0.4336276948451996
0.31930145621299744
0.545957088470459
0.40318992733955383
0.718584418296814
0.57026606798172
0.5480534434318542
0.648657500743866
0.4519314169883728
0.6827396750450134
0.6967946887016296
0.7402362823486328
0.4559521973133087
0.7241193652153015
0.453736275434494
0.742095947265625
0.2768782079219818
0.40749433636665344
0.36539140343666077
0.6792816519737244
0.48368626832962036
0.33868902921676636
0.5013344287872314
0.7619061470031738
0.4880726635456085
0.2558526396751404
0.5635997653007507
0.5099915266036987
0.7104576826095581
0.5517300963401794
0.7093946933746338
0.5669693350791931
0.7524228096008301
0.7178945541381836
0.4729096591472626
0.394851952791214
0.5993932485580444
0.6606640219688416
0.5327163934707642
0.6171647310256958
0.6805707812309265
0.7517879009246826
0.6558758020401001
0.7785615921020508
0.476054847240448
0.40422168374061584
0.4253900945186615
0.5773714184761047
0.3534872829914093
0.5815558433532715
0.5135750770568848
0.5993806719779968
0.6058066487312317
0.4686235189437866
0.6180665493011475
0.6198453903198242
0.6853693723678589
0.5831678509712219
0.3121299743652344
0.4944052994251251
0.24727745354175568
0.5883997678756714
0.6545815467834473
0.4720887243747711
0.6264113187789917
0.5759514570236206
0.6254953742027283
0.640809178352356
0.25821083784103394
0.5424371361732483
0.6067692637443542
0.6432375907897949
0.7928215861320496
0.7628987431526184
0.5303027033805847
0.4474298059940338
0.4077576994895935
0.5939728021621704
0.5058630108833313
0.35147687792778015
0.6360993385314941
0.46147942543029785
0.6608415842056274
0.6617433428764343
0.6053571105003357
0.34457075595855713
0.5045434832572937
0.6394223570823669
0.6900413036346436
0.5637458562850952
0.7249661087989807
0.34209713339805603
0.7508512735366821
0.6038779616355896
0.34520432353019714
0.6794173717498779
0.4250221252441406
0.31588736176490784
0.5450837016105652
0.41501280665397644
0.7181047797203064
0.5660306215286255
0.5649959444999695
0.654985785484314
0.4542351961135864
0.6661320924758911
0.7156409621238708
0.7558996677398682
0.4354913830757141
0.7068006992340088
0.4486289322376251
0.7454953789710999
0.27325552701950073
0.40031903982162476
0.3938378095626831
0.6713578104972839
0.48515138030052185
0.3372178375720978
0.48420119285583496
0.7789080739021301
0.49346327781677246
0.26120492815971375
0.5501269698143005
0.5026550889015198
0.6892324686050415
0.562940239906311
0.7550264000892639
0.5590541362762451
0.7523046135902405
0.720829427242279
0.4676608443260193
0.39323779940605164
0.5759931206703186
0.6655402183532715
0.5409159660339355
0.6151866912841797
0.6646328568458557
0.7534056305885315
0.637695848941803
0.7990954518318176
0.4895109534263611
0.4071933925151825
0.4281926453113556
0.5823253393173218
0.35461705923080444
0.5877540707588196
0.5167803764343262
0.5794792175292969
0.5780116319656372
0.45394957065582275
0.6266615986824036
0.6206306219100952
0.6926062107086182
0.613592803478241
0.34773170948028564
0.50831139087677
0.2850233018398285
0.6018266081809998
0.6679036021232605
0.49725186824798584
0.6446306109428406
0.6041139960289001
0.6231487989425659
0.6266553401947021
0.2579338252544403
0.5370441675186157
0.6096265912055969
0.629669725894928
0.8196778893470764
0.7503939867019653
0.5414453744888306
0.47411346435546875
0.41128039360046387
0.5844438672065735
0.49333399534225464
0.3339681327342987
0.6340963244438171
0.4736681878566742
0.6674929857254028
0.6409938335418701
0.596010684967041
0.35458531975746155
0.5172082781791687
0.6505886316299438
0.6885694265365601
0.5802725553512573
0.7269300818443298
0.3527275621891022
0.7353458404541016
0.6120191216468811
0.3518529236316681
0.6822375059127808
0.4163439869880676
0.3111231029033661
0.5412994027137756
0.42439818382263184
0.7242420315742493
0.5678720474243164
0.5484415888786316
0.6267374753952026
0.44977691769599915
0.6795632243156433
0.7030377984046936
0.7572647929191589
0.46337735652923584
0.7413923144340515
0.4668649137020111
0.7406354546546936
0.2641947269439697
0.3959246277809143
0.4127488136291504
0.6640777587890625
0.4872816205024719
0.335530161857605
0.505098819732666
0.7895200252532959
0.47835084795951843
0.284290611743927
0.5541236400604248
0.5040013790130615
0.7040850520133972
0.5888574719429016
0.745236337184906
0.5827409625053406
0.7652406096458435
0.7256577610969543
0.4696183502674103
0.3795650899410248
0.5721130967140198
0.6573291420936584
0.5398945808410645
0.6191293597221375
0.6723732352256775
0.7471936941146851
0.656343936920166
0.781030535697937
0.49655821919441223
0.4183335602283478
0.43746697902679443
0.5747014284133911
0.35617366433143616
0.5906158685684204
0.5119826793670654
0.5863505601882935
0.6067647933959961
0.46415647864341736
0.6270947456359863
0.6281610727310181
0.6818730235099792
0.5978004932403564
0.34923055768013
0.4924415647983551
0.2536245584487915
0.5926178097724915
0.6590871214866638
0.4713748097419739
0.6256252527236938
0.6091905832290649
0.6399943232536316
0.627339243888855
0.254580020904541
0.54450523853302
0.601865828037262
0.6419281363487244
0.7903803586959839
0.7709448933601379
0.5481327176094055
0.4321041405200958
0.41809335350990295
0.592954158782959
0.5020844340324402
0.3536044657230377
0.6591107845306396
0.4851952791213989
0.6745405197143555
0.640457034111023
0.6070496439933777
0.35555320978164673
0.5194554328918457
0.662407636642456
0.689032256603241
0.5668329000473022
0.7195886373519897
0.3581186830997467
0.7291765213012695
0.6171827912330627
0.33972784876823425
0.7056440711021423
0.4292888343334198
0.31196096539497375
0.5357598662376404
0.4382365643978119
0.7405198812484741
0.5655126571655273
0.559582531452179
0.6466199159622192
0.46925657987594604
0.6717844605445862
0.7208544611930847
0.7823566198348999
0.44707196950912476
0.7242347598075867
0.45919448137283325
0.7314385175704956
0.3003236651420593
0.40509045124053955
0.39863988757133484
0.6862295269966125
0.48782259225845337
0.3143745958805084
0.4938253164291382
0.7808086276054382
0.4608721435070038
0.26639145612716675
0.5462014079093933
0.49642980098724365
0.7140166759490967
0.5842540264129639
0.7411487698554993
0.5752164125442505
0.7550597190856934
0.7150124311447144
0.4549098014831543
0.37038061022758484
0.581349790096283
0.6512838006019592
0.5331350564956665
0.6066843867301941
0.6703131198883057
0.7486799359321594
0.6525024175643921
0.7728363871574402
0.47369328141212463
0.40987521409988403
0.42494919896125793
0.558254063129425
0.34284427762031555
0.5851543545722961
0.5108460783958435
0.5956452488899231
0.5781142115592957
0.453734815120697
0.6288872957229614
0.5984348058700562
0.6870439052581787
0.6096528172492981
0.3525027930736542
0.4803939461708069
0.26105889678001404
0.5940839052200317
0.6457446217536926
0.4965071976184845
0.6365012526512146
0.5693601965904236
0.615729570388794
0.6286344528198242
0.25695183873176575
0.5093767642974854
0.6012234687805176
0.6252989172935486
0.7708641886711121
0.750565230846405
0.5567182898521423
0.4283842444419861
0.40289372205734253
0.5926170349121094
0.4707582890987396
0.3448105454444885
0.6192772388458252
0.4915367066860199
0.6749758124351501
0.6363549828529358
0.5813794136047363
0.35932791233062744
0.5119767189025879
0.6407091617584229
0.6616328954696655
0.5612213611602783
0.7160145044326782
0.358333557844162
0.7211627960205078
0.6228443384170532
0.35633429884910583
0.6714805960655212
0.40595924854278564
0.301543653011322
0.5297116637229919
0.4161200225353241
0.7209955453872681
0.5608116388320923
0.5360275506973267
0.6320030689239502
0.44621601700782776
0.6867802143096924
0.6940644979476929
0.7551444172859192
0.4302974045276642
0.730772852897644
0.4548531472682953
0.7354028820991516
0.2648882567882538
0.3970324695110321
0.39481669664382935
0.6795152425765991
0.49812549352645874
0.3227016031742096
0.48835816979408264
0.7850102186203003
0.48419415950775146
0.2771809995174408
0.5837010741233826
0.5020382404327393
0.7448243498802185
0.5854660272598267
0.7619253396987915
0.5771476626396179
0.7686651945114136
0.7099100351333618
0.4790562689304352
0.3810315430164337
0.5753672122955322
0.6667322516441345
0.536329448223114
0.6005653142929077
0.6740112900733948
0.7430956363677979
0.6717581748962402
0.7740928530693054
0.4956074059009552
0.41283920407295227
0.43057769536972046
0.5797142386436462
0.32002219557762146
0.5894212126731873
0.5262311697006226
0.5934283137321472
0.621802806854248
0.4585716724395752
0.6342994570732117
0.6397325992584229
0.7331210970878601
0.6155765652656555
0.31149688363075256
0.5113542675971985
0.24464143812656403
0.5810830593109131
0.6515264511108398
0.4990215301513672
0.620225191116333
0.5982626676559448
0.6430333256721497
0.6280279159545898
0.2594135105609894
0.5426790118217468
0.6132898926734924
0.6359050869941711
0.7729528546333313
0.7599053382873535
0.5223734974861145
0.45150285959243774
0.42995330691337585
0.5966387391090393
0.5023881196975708
0.34944847226142883
0.6271812915802002
0.501376748085022
0.6717029213905334
0.6323795914649963
0.6044541001319885
0.34428393840789795
0.5219112634658813
0.6603401303291321
0.697282075881958
0.5964723825454712
0.7141416072845459
0.33209219574928284
0.7458034753799438
0.6248429417610168
0.3581608831882477
0.6972697973251343
0.4332338869571686
0.31564244627952576
0.548246443271637
0.40294763445854187
0.7436308860778809
0.5626116991043091
0.5439346432685852
0.6404517889022827
0.430700421333313
0.6963205933570862
0.6925714612007141
0.7719275951385498
0.44688358902931213
0.7375215291976929
0.44690126180648804
0.7353304624557495
0.29003968834877014
0.395369291305542
0.38933396339416504
0.6823989152908325
0.48161646723747253
0.34245213866233826
0.5059213638305664
0.7836105823516846
